id,Status_C,Status_CL,Status_D
7905,0.5428484931850425,0.012515669694405512,0.4446358371205521
7906,0.6713609211840564,0.17638552489227746,0.15225355392366616
7907,0.03240299132680246,0.00732719638055476,0.9602698122926429
7908,0.9479339347865172,0.002673014878442571,0.049393050335040066
7909,0.6890248510707802,0.03309153966044107,0.27788360926877864
7910,0.9853174320522682,0.0012082076173720562,0.01347436033035979
7911,0.9758746107662959,0.003696232390983308,0.020429156842720765
7912,0.2953608420023153,0.021230370121607837,0.6834087878760768
7913,0.010787269575142942,0.00021292778963666998,0.9889998026352205
7914,0.4415208064259696,0.021375248317423084,0.5371039452566073
7915,0.7640498078846324,0.004016055202960023,0.2319341369124076
7916,0.6607724972343807,0.00625441691756187,0.3329730858480574
7917,0.42056353455089834,0.18869424648634936,0.39074221896275235
7918,0.8967398374658311,0.006732794512047512,0.09652736802212149
7919,0.633525613054303,0.10648961182903834,0.2599847751166587
7920,0.946792665998095,0.005488480295502912,0.04771885370640212
7921,0.9221850795816445,0.0055971623822657825,0.07221775803608971
7922,0.021976096883721475,0.004096824849345131,0.9739270782669334
7923,0.8445990900843646,0.0022926488863385035,0.15310826102929684
7924,0.6894053516387924,0.05292266985528447,0.25767197850592316
7925,0.015047654171235738,0.0009058099601600202,0.9840465358686044
7926,0.7934593976244383,0.002655461518303965,0.2038851408572578
7927,0.7592109008052582,0.05048648113796698,0.19030261805677484
7928,0.054517852535731555,0.014101144209880168,0.9313810032543883
7929,0.913096506378881,0.007266576644132733,0.07963691697698631
7930,0.14325893656111524,0.1205150888930717,0.736225974545813
7931,0.9203709607854939,0.0018894542503169029,0.07773958496418917
7932,0.29493101237349395,0.019140459516275996,0.6859285281102301
7933,0.5402684719353216,0.01600574866704645,0.4437257793976319
7934,0.9791238524842937,0.0009610885866154653,0.019915058929090717
7935,0.9554006796055187,0.0032934775413096195,0.041305842853171675
7936,0.9235703118055798,0.009781493835418265,0.06664819435900184
7937,0.23813921918459638,0.011520867848834984,0.7503399129665687
7938,0.9802843344051078,0.0028183621010600163,0.016897303493832096
7939,0.43833222744923944,0.020046119329848802,0.5416216532209117
7940,0.7709049030885801,0.07419869639662077,0.15489640051479922
7941,0.1363207547406861,0.030471612808025315,0.8332076324512885
7942,0.8888976648575285,0.007359134737015446,0.1037432004054561
7943,0.0227832385272851,0.01270587571847642,0.9645108857542384
7944,0.9618011585733887,0.0011174815565053004,0.03708135987010607
7945,0.9496677636854148,0.0008943546668236412,0.04943788164776172
7946,0.8151249238120432,0.009654868053391184,0.1752202081345655
7947,0.8092232975210222,0.006136970609209261,0.1846397318697686
7948,0.20666294215390782,0.05065309535399729,0.7426839624920949
7949,0.0648948417849412,0.08746534614032929,0.8476398120747295
7950,0.9223983434235618,0.006533874202644582,0.0710677823737938
7951,0.49979857972281544,0.0713339853985522,0.42886743487863227
7952,0.3003778990569099,0.08227573551842635,0.6173463654246638
7953,0.006936892725871795,0.0023423771459255872,0.9907207301282026
7954,0.8856861422037107,0.009740754844511354,0.10457310295177787
7955,0.24991160864534068,0.01729102815815964,0.7327973631964997
7956,0.010490621375894673,0.00863075254106141,0.980878626083044
7957,0.9014236854466813,0.01087208261002458,0.0877042319432941
7958,0.02834173649589628,0.004758535184303948,0.9668997283197998
7959,0.6278747809495179,0.047894145331566815,0.32423107371891535
7960,0.23546053673382522,0.013894027510246862,0.7506454357559279
7961,0.9097449422527912,0.003872995849680583,0.08638206189752813
7962,0.38634341417401197,0.0070182587753571364,0.6066383270506309
7963,0.20569193440819553,0.04687041589147672,0.7474376497003278
7964,0.011006775348673056,0.00581543429035417,0.9831777903609727
7965,0.9753235330883511,0.004708909187754232,0.019967557723894632
7966,0.5820645461195585,0.03156592106395201,0.3863695328164895
7967,0.9004137836098534,0.009027349660710027,0.09055886672943655
7968,0.9090330715415732,0.0015137526508609272,0.08945317580756583
7969,0.36489204087133237,0.013956775359529492,0.6211511837691382
7970,0.9408851330765141,0.0008496384526448755,0.05826522847084095
7971,0.9721763621928764,0.0017836740430425878,0.026039963764081017
7972,0.5151867191900038,0.247766857763763,0.23704642304623325
7973,0.9491745462227992,0.00824410729957008,0.0425813464776307
7974,0.2063238581346308,0.038661342257059035,0.7550147996083101
7975,0.9360240578612393,0.005679941365924903,0.05829600077283579
7976,0.6715097891194838,0.007566520509646738,0.32092369037086954
7977,0.9599758670513595,0.005025337846965232,0.034998795101675424
7978,0.03968986359246229,0.003081078854132434,0.9572290575534051
7979,0.43458925350142436,0.026471270444373304,0.5389394760542023
7980,0.9376547292878445,0.0032377293291338586,0.05910754138302153
7981,0.841195723891321,0.03215952418450982,0.12664475192416913
7982,0.8780107269851395,0.012727092518810554,0.10926218049604995
7983,0.8672531749393463,0.04066648098671326,0.09208034407394045
7984,0.12131667523070752,0.043406578257839445,0.8352767465114529
7985,0.35246675769740826,0.00934323949543423,0.6381900028071575
7986,0.10752069544724115,0.16328139214183657,0.7291979124109224
7987,0.47933107223571303,0.04139859712642701,0.47927033063785995
7988,0.7659434358797814,0.013384039367983788,0.22067252475223487
7989,0.9169101434665786,0.008556585560102746,0.07453327097331876
7990,0.4700269156687132,0.012956126502824765,0.5170169578284619
7991,0.049316767796174825,0.02449009511311072,0.9261931370907144
7992,0.9414710239015305,0.009366696112803071,0.04916227998566626
7993,0.7752923183567351,0.017321660226004204,0.2073860214172608
7994,0.9515678860800003,0.009711238456332937,0.03872087546366685
7995,0.8336627205989129,0.02372491719597535,0.14261236220511178
7996,0.040865782708755814,0.01716878558443596,0.9419654317068082
7997,0.8747151381800569,0.016978654208485346,0.10830620761145769
7998,0.0029121924036265992,0.00010239132355776083,0.9969854162728156
7999,0.003558904489092714,0.0012023789426105342,0.9952387165682968
8000,0.8825880300683475,0.01705200773524061,0.10035996219641201
8001,0.9239327382924415,0.01064019263393954,0.06542706907361888
8002,0.3912101847847044,0.13684401326671386,0.47194580194858177
8003,0.3158721467124045,0.4214015322830274,0.2627263210045681
8004,0.5769907313743189,0.052717496224756064,0.3702917724009251
8005,0.5664656952157374,0.04855755180370873,0.38497675298055384
8006,0.8860371396384151,0.018043114028060126,0.09591974633352474
8007,0.8276881868907038,0.004206402959797181,0.1681054101494989
8008,0.9552368338678798,0.006515184553468966,0.0382479815786512
8009,0.7730505568245992,0.005129786499587508,0.22181965667581335
8010,0.9447023553509988,0.007317072829759948,0.047980571819241175
8011,0.769770339581545,0.013780177161126632,0.21644948325732835
8012,0.8757355861982195,0.003503108323528826,0.12076130547825174
8013,0.15562581593621994,0.02598485436588003,0.8183893296979
8014,0.9543963517023168,0.016162889088093522,0.029440759209589586
8015,0.9444663526902963,0.0009301112287377146,0.054603536080966
8016,0.985928776384834,0.001724122339929842,0.01234710127523619
8017,0.5647976346292208,0.003164994256616077,0.43203737111416296
8018,0.6848638136729315,0.04674164690647904,0.26839453942058933
8019,0.9566856073228777,0.016963579199732615,0.026350813477389833
8020,0.7587511299986388,0.05335149085024792,0.18789737915111338
8021,0.1420697934705674,0.002250433594020579,0.8556797729354121
8022,0.11465343566314885,0.01920368618375921,0.8661428781530919
8023,0.6681015024399072,0.060045782408009084,0.27185271515208387
8024,0.9352718261262069,0.002447251928658455,0.0622809219451348
8025,0.08278320072958342,0.007626412161889074,0.9095903871085275
8026,0.9369575729346918,0.003544361500409312,0.05949806556489885
8027,0.9541489208111177,0.005593212801177646,0.04025786638770458
8028,0.042208982905858256,0.015508449569884864,0.9422825675242569
8029,0.07023193199649518,0.03005726545488409,0.8997108025486207
8030,0.987913230610073,0.0007055760722623281,0.01138119331766459
8031,0.8676823079327762,0.03599003309967363,0.09632765896755019
8032,0.9207531334331963,0.0032450373732153697,0.07600182919358814
8033,0.15322663404168757,0.07916317978288087,0.7676101861754316
8034,0.5366629755820368,0.022618186481462358,0.4407188379365008
8035,0.9127210499641083,0.006892690793419391,0.08038625924247232
8036,0.9127466210299503,0.06972086098559405,0.017532517984455702
8037,0.3600217665169337,0.03961668824179408,0.6003615452412722
8038,0.7982286429356701,0.04297831663320932,0.15879304043112064
8039,0.025076323770906375,0.033706809898354693,0.9412168663307389
8040,0.4687607936322538,0.12586370866115648,0.4053754977065896
8041,0.2560564613755265,0.006142572576884429,0.737800966047589
8042,0.055352894702497914,0.004821083940993925,0.9398260213565081
8043,0.9315349387809245,0.00623885142490652,0.06222620979416912
8044,0.013515931761058302,0.0005922785135588472,0.9858917897253829
8045,0.13656876130419476,0.06978460419890917,0.7936466344968961
8046,0.9306610186321307,0.0012691772988093185,0.06806980406905999
8047,0.8895575121926337,0.004333585210691964,0.1061089025966743
8048,0.916752230260197,0.008755007230281314,0.07449276250952154
8049,0.7333982623629581,0.12254478187206128,0.1440569557649805
8050,0.44116534998584545,0.006226955342552014,0.5526076946716025
8051,0.1431132318360061,0.010227116876302296,0.8466596512876917
8052,0.9804437290996743,0.0036261492598266072,0.015930121640499145
8053,0.04442175658811369,0.006552471431860496,0.9490257719800257
8054,0.8850245061403017,0.004740302821523967,0.1102351910381743
8055,0.4234658968571306,0.11484509086605271,0.4616890122768167
8056,0.9030817671077142,0.011144758538326955,0.08577347435395884
8057,0.8861579744759316,0.0024031001081641825,0.11143892541590425
8058,0.9036365481586425,0.017270482578759707,0.07909296926259786
8059,0.716551352207682,0.008954354986525033,0.27449429280579296
8060,0.10535738100786102,0.251086682584509,0.64355593640763
8061,0.15851094833635984,0.09369926828275875,0.7477897833808814
8062,0.22608382915918174,0.027307047544685124,0.7466091232961332
8063,0.9615489009036777,0.00791494155683334,0.03053615753948904
8064,0.017409041952971858,0.016743460032696434,0.9658474980143317
8065,0.9034425464603667,0.008326262271305224,0.08823119126832811
8066,0.9817798119967672,0.0052325579612653725,0.012987630041967334
8067,0.058399215772400606,0.007751054713256345,0.9338497295143431
8068,0.756942437943366,0.021668905240124773,0.22138865681650913
8069,0.8744755027083185,0.015597764780606472,0.10992673251107492
8070,0.962355198746447,0.0016317014275275574,0.03601309982602543
8071,0.9664544635314327,0.006159428177297639,0.027386108291269702
8072,0.9468001166293001,0.005192495729785789,0.04800738764091424
8073,0.9554114509953744,0.004063757733022502,0.040524791271603064
8074,0.8373968546838632,0.013378406993994016,0.14922473832214278
8075,0.8864405151791115,0.021898344052844458,0.09166114076804414
8076,0.9441472416310813,0.00462699312039734,0.051225765248521515
8077,0.14890011052571156,0.05405141915471546,0.797048470319573
8078,0.2523189197284562,0.0365131978752126,0.7111678823963312
8079,0.9413508777886022,0.006566343309639591,0.052082778901758345
8080,0.93851784452068,0.006596469398347508,0.05488568608097262
8081,0.94375115967802,0.00341928675811221,0.05282955356386784
8082,0.8019969178967076,0.013265162365195144,0.18473791973809722
8083,0.22666928818704343,0.0681916470398192,0.7051390647731375
8084,0.08552225676613348,0.01344048449721463,0.901037258736652
8085,0.9491307881091415,0.007732155419561526,0.04313705647129689
8086,0.0009380839496176493,7.807850540424374e-05,0.9989838375449781
8087,0.79153143457767,0.04977433136489889,0.15869423405743116
8088,0.6567436402839862,0.012002834470183165,0.33125352524583046
8089,0.40680962559442463,0.007033508915206113,0.5861568654903693
8090,0.022179554167066604,0.013027816697937617,0.9647926291349956
8091,0.9121967327398435,0.005020594002677141,0.08278267325747934
8092,0.00552535210002279,0.0015716555123657862,0.9929029923876114
8093,0.9048480990709805,0.016058487118074578,0.07909341381094495
8094,0.11688169612441468,0.09503460520928265,0.7880836986663027
8095,0.6666919409589876,0.08942072861885973,0.24388733042215258
8096,0.4860969132121862,0.03623678310036245,0.4776663036874513
8097,0.2592357874927702,0.03003615447735668,0.710728058029873
8098,0.7804852721131783,0.02638094718540759,0.19313378070141415
8099,0.77321333462835,0.00936403721486772,0.21742262815678234
8100,0.05864098320481041,0.0037116891765900514,0.9376473276185996
8101,0.4720949508578928,0.046575917114761674,0.4813291320273455
8102,0.8432905314440278,0.032100159768069916,0.12460930878790212
8103,0.43972248317152324,0.06972426027865343,0.4905532565498232
8104,0.6292059621944699,0.10902356512851974,0.2617704726770104
8105,0.029021372039224027,0.0022928755988427616,0.9686857523619333
8106,0.9610562976177602,0.0014976043156138528,0.03744609806662598
8107,0.016397615195699766,0.0028684582617312083,0.9807339265425691
8108,0.9337171678422921,0.024937572742373182,0.04134525941533471
8109,0.7415806039715521,0.0011231776769649977,0.2572962183514829
8110,0.9694657392757461,0.012699286161146295,0.01783497456310763
8111,0.7374306150230084,0.10468366319428463,0.1578857217827068
8112,0.7291711316958422,0.018242242375247016,0.2525866259289108
8113,0.0205898383483599,0.010211231094810412,0.9691989305568296
8114,0.0847756804071673,0.05833675776302964,0.8568875618298031
8115,0.9520807998778065,0.005870541924675862,0.042048658197517796
8116,0.7715862701055939,0.12028252483995602,0.10813120505445005
8117,0.1549634894412336,0.019034869999896842,0.8260016405588696
8118,0.6113890509046992,0.14189920911485615,0.24671173998044452
8119,0.7603279778235854,0.03770583129977925,0.20196619087663537
8120,0.968129276973796,0.008538898563157643,0.023331824463046335
8121,0.45197929176267077,0.039263708502655106,0.5087569997346741
8122,0.9760891597212932,0.004269225963950876,0.01964161431475601
8123,0.9738797681303409,0.0010155040213093791,0.025104727848349693
8124,0.4071681903601551,0.06382685751351477,0.52900495212633
8125,0.795866643701935,0.019582379189370953,0.18455097710869411
8126,0.8607571641977982,0.01145321805264519,0.12778961774955674
8127,0.19661688680745074,0.012204616286689764,0.7911784969058594
8128,0.6757184034636768,0.026881230014574764,0.2974003665217484
8129,0.9625460454209077,0.01841254661078613,0.019041407968306202
8130,0.6183943204869912,0.013371455858807052,0.3682342236542017
8131,0.025453835951767263,0.01790924306142108,0.9566369209868117
8132,0.7453085605481224,0.056223518312108776,0.19846792113976872
8133,0.9403175725429677,0.025676436210913617,0.03400599124611865
8134,0.6524751629186759,0.049254131855702744,0.2982707052256214
8135,0.015441877772153816,0.0024225147198687147,0.9821356075079776
8136,0.031312076061585495,0.00842479058928243,0.960263133349132
8137,0.4141569074770599,0.006415060794139154,0.579428031728801
8138,0.06323299675700579,0.002626936973085509,0.9341400662699086
8139,0.17101335250751049,0.031548019858352795,0.7974386276341368
8140,0.9264364073328863,0.007871690300406688,0.065691902366707
8141,0.9761044125949943,0.002165382168694595,0.021730205236311334
8142,0.953571046703538,0.029667253169039082,0.016761700127422823
8143,0.9241063446654973,0.04735529952211649,0.028538355812386174
8144,0.17789021054070595,0.09490095516065127,0.7272088342986428
8145,0.8759310033260294,0.0038506909240180794,0.12021830574995247
8146,0.9618399206429739,0.003671911419409608,0.03448816793761644
8147,0.4063167146508045,0.010239944766618199,0.5834433405825773
8148,0.9016827938671628,0.0033669007526335596,0.0949503053802036
8149,0.9704653289723695,0.005478791763703287,0.024055879263927164
8150,0.9522191219675143,0.005946677491503723,0.04183420054098172
8151,0.20894844219324216,0.013086423266382553,0.7779651345403753
8152,0.9381858057410936,0.0033743586696034426,0.05843983558930283
8153,0.8981627732842012,0.004603036258042209,0.0972341904577566
8154,0.9293233715714685,0.02936863149550778,0.041307996933023776
8155,0.1471317701146626,0.011083045573873117,0.8417851843114643
8156,0.9678591787710049,0.008740177481944479,0.02340064374705053
8157,0.7923582848237114,0.02250666911802171,0.18513504605826697
8158,0.9732497722473229,0.009250534116295027,0.017499693636382
8159,0.3694810463271251,0.06472654669221495,0.56579240698066
8160,0.6992945317266611,0.02214878375861399,0.2785566845147248
8161,0.8836724475427433,0.01431888723296863,0.102008665224288
8162,0.37899461356909747,0.3600903894203666,0.26091499701053594
8163,0.21269771935680795,0.030046023062925944,0.7572562575802662
8164,0.8220780644819718,0.03799751395341596,0.1399244215646123
8165,0.0598467723887139,0.0035371981816403586,0.9366160294296457
8166,0.6561488641220966,0.010653583470304338,0.3331975524075991
8167,0.7176434124267812,0.07179018643613755,0.21056640113708117
8168,0.7476500551712513,0.004135131698868247,0.24821481312988042
8169,0.6248017299993337,0.008661253899928218,0.3665370161007381
8170,0.7105431321614545,0.044401310571972094,0.2450555572665734
8171,0.010227659783086908,0.005077072356654681,0.9846952678602584
8172,0.09784466858548961,0.04668562811436412,0.8554697033001463
8173,0.7822016395500556,0.014929360143727245,0.20286900030621713
8174,0.9773804911689061,0.00035606768930436484,0.02226344114178964
8175,0.9291357255453683,0.00842319633713383,0.06244107811749796
8176,0.7473796567724358,0.009803791861683312,0.24281655136588082
8177,0.13433371305476519,0.06871687169897157,0.7969494152462632
8178,0.5890296258681752,0.06157986682952697,0.3493905073022979
8179,0.5664246191464047,0.01952862343054824,0.41404675742304703
8180,0.43092856771724325,0.1595132085321252,0.40955822375063156
8181,0.2210864255278629,0.03346275378933075,0.7454508206828063
8182,0.9718014154439977,0.0028817115420831326,0.02531687301391918
8183,0.7824844833967871,0.01869691973427014,0.19881859686894274
8184,0.873496511618057,0.01867926100557973,0.10782422737636319
8185,0.9856841828098107,0.0065347145003653755,0.0077811026898239825
8186,0.8489587647549767,0.04553354200696316,0.10550769323806021
8187,0.23049120464350636,0.10433985766795402,0.6651689376885397
8188,0.8697126443918118,0.002406966475666417,0.12788038913252162
8189,0.1843913742813736,0.0807034925888757,0.7349051331297506
8190,0.12231149339758626,0.5967352228010231,0.28095328380139056
8191,0.9300958978100043,0.0026610844398865462,0.0672430177501092
8192,0.9097063275882372,0.011742039461383197,0.07855163295037965
8193,0.85807836629379,0.0008168321887202995,0.1411048015174898
8194,0.9271929906162825,0.024425089071968258,0.04838192031174915
8195,0.8722620702424335,0.0018697021652126936,0.1258682275923539
8196,0.8024145046405637,0.0031779324003588104,0.1944075629590773
8197,0.8094619594792175,0.004745538994407828,0.18579250152637464
8198,0.6663865942469619,0.02034055121678866,0.3132728545362494
8199,0.9443404889315544,0.008961044621995427,0.046698466446450204
8200,0.9852065643685632,0.0017193931809920534,0.01307404245044492
8201,0.09074863626430092,0.007554100484033788,0.9016972632516653
8202,0.26672285182145733,0.05329718984967107,0.6799799583288716
8203,0.8816259486617206,0.0035265401297036357,0.11484751120857567
8204,0.3127043962379901,0.049543309650426075,0.6377522941115839
8205,0.8948973192665103,0.0008185402521705723,0.1042841404813191
8206,0.2126133350505728,0.008780350140584935,0.7786063148088422
8207,0.9369575729346918,0.003544361500409312,0.05949806556489885
8208,0.0705671615649063,0.048954368657911064,0.8804784697771826
8209,0.43014290313495807,0.011618805323536742,0.5582382915415053
8210,0.9118959250142052,0.0024440641770530273,0.08566001080874162
8211,0.5625855658934052,0.046793678092980136,0.39062075601361457
8212,0.9343183582858313,0.0019209332852533592,0.06376070842891525
8213,0.9337252716419665,0.015141835652551975,0.051132892705481596
8214,0.01918150376795628,0.0109393185943979,0.9698791776376459
8215,0.9452983478811467,0.030825915333337225,0.023875736785516088
8216,0.9012121914538629,0.006527151964914342,0.09226065658122275
8217,0.5638345964009545,0.14179510769133374,0.29437029590771185
8218,0.081786052702069,0.019495409966161975,0.898718537331769
8219,0.9381963970217951,0.023931970022947884,0.03787163295525683
8220,0.9482481527197811,0.0026957051666932816,0.049056142113525575
8221,0.433959280158539,0.0036943903086390315,0.5623463295328219
8222,0.21419604550245783,0.006583886291127298,0.7792200682064149
8223,0.788779099437118,0.04299185698939038,0.16822904357349158
8224,0.6641136037982972,0.11357193090608195,0.22231446529562088
8225,0.2263301328800487,0.03683466315058952,0.7368352039693618
8226,0.010483287151208455,0.0026939698468343813,0.986822743001957
8227,0.9847557373273892,0.0013329821327650987,0.013911280539845668
8228,0.9059080322704957,0.005675699370874147,0.08841626835863024
8229,0.2450474416226993,0.006307963869128792,0.7486445945081718
8230,0.5142789228848873,0.06498386676134578,0.420737210353767
8231,0.6029914904619696,0.3350147650588205,0.06199374447920983
8232,0.43898586874962864,0.013054976417645296,0.5479591548327262
8233,0.04325550609469056,0.005730318575632574,0.9510141753296769
8234,0.9664481478814253,0.004872987298719392,0.028678864819855352
8235,0.2949646150029053,0.03967150701820899,0.6653638779788857
8236,0.2849806523494137,0.026807618531012087,0.6882117291195742
8237,0.8790417546105862,0.022625096456344477,0.09833314893306919
8238,0.31885439018849315,0.00721582411715016,0.6739297856943567
8239,0.09244485840882548,0.09276130489336276,0.8147938366978118
8240,0.8957367063016133,0.01945223480361385,0.08481105889477306
8241,0.0226713591286868,0.0014457877926185626,0.9758828530786947
8242,0.8669924274760836,0.002829268380152983,0.1301783041437634
8243,0.6068490371395016,0.24918806996101114,0.14396289289948724
8244,0.9324005114074321,0.0010221174283571311,0.0665773711642108
8245,0.9286483990236118,0.027785722461030175,0.04356587851535804
8246,0.5425430443781164,0.035388988518318794,0.42206796710356476
8247,0.9882201504097852,0.0023948461104279484,0.009385003479786876
8248,0.9751170594775174,0.004677409783820501,0.020205530738662176
8249,0.9192211628373126,0.0066353606834878036,0.07414347647919967
8250,0.9398053876395308,0.009887532786190803,0.05030707957427831
8251,0.784084981737582,0.006574936824079589,0.20934008143833835
8252,0.7715609742045333,0.03492199477703753,0.19351703101842926
8253,0.9580494459102937,0.005381661337691062,0.03656889275201527
8254,0.745078844491472,0.011250777153298856,0.24367037835522914
8255,0.5291539539463576,0.04191909456351625,0.4289269514901262
8256,0.8979316429809377,0.027023019842296728,0.07504533717676537
8257,0.8311608234596769,0.10771578348734165,0.06112339305298162
8258,0.005304453181151844,0.0001602015931963168,0.9945353452256519
8259,0.03255005397430921,0.006653312318463135,0.9607966337072277
8260,0.9593792742555879,0.004274204871670603,0.03634652087274139
8261,0.9454969938380843,0.006939925415459184,0.0475630807464567
8262,0.6197855852271276,0.01150609125297127,0.36870832351990107
8263,0.877171275668219,0.04654413936849876,0.07628458496328229
8264,0.8636007816337256,0.005965761311138008,0.13043345705513656
8265,0.7770573524725374,0.025627224908032997,0.19731542261942953
8266,0.004977153847899792,0.0019085711700063774,0.9931142749820938
8267,0.9365737726817397,0.008007897437063056,0.05541832988119726
8268,0.8737928457209889,0.008079690775286325,0.11812746350372484
8269,0.8925486640809932,0.017308889383957426,0.09014244653504927
8270,0.7257030776901204,0.027164779118018803,0.24713214319186075
8271,0.8370058646412508,0.11460446984399751,0.048389665514751684
8272,0.9410017856903741,0.0018665615449377907,0.05713165276468796
8273,0.8722301885001644,0.031616467680836854,0.09615334381899868
8274,0.8676660752460669,0.014599183241631918,0.11773474151230126
8275,0.07534311202627841,0.06727869106961133,0.8573781969041102
8276,0.32221619761568987,0.005948673580859509,0.6718351288034506
8277,0.9250300830523456,0.01136671323380772,0.0636032037138466
8278,0.8617734973430987,0.01226068958836698,0.12596581306853435
8279,0.8653808213454713,0.0035219123611273054,0.1310972662934014
8280,0.02209572833005091,0.004361993642265361,0.9735422780276838
8281,0.623258260090155,0.03338835614800132,0.34335338376184366
8282,0.9688052571502527,0.012127467249249404,0.019067275600498024
8283,0.8721138211421714,0.0055165850936633514,0.12236959376416535
8284,0.9480949917541139,0.008650660771513378,0.04325434747437261
8285,0.19689567393524224,0.02085600788510233,0.7822483181796555
8286,0.9855358898360826,0.002858984210399117,0.011605125953518182
8287,0.7138924839190638,0.0092493949321508,0.27685812114878555
8288,0.9344772212310567,0.003916039407851526,0.061606739361092004
8289,0.5020443300380699,0.07212656845319866,0.4258291015087315
8290,0.35896551832640566,0.01187893962388341,0.6291555420497109
8291,0.3386688216883475,0.00548505928729883,0.6558461190243536
8292,0.8481767615616957,0.011477746258258615,0.14034549218004574
8293,0.9102379548289509,0.0015360187793949252,0.08822602639165433
8294,0.9417844478348482,0.005372382050419955,0.052843170114732024
8295,0.9802089121502106,0.00290243382035372,0.01688865402943569
8296,0.7987403313590542,0.041902830350786166,0.15935683829015965
8297,0.8487917509487334,0.005717833345748764,0.14549041570551785
8298,0.9789557614373032,0.006618318510088113,0.014425920052608855
8299,0.8826790173427715,0.01677744336226159,0.10054353929496676
8300,0.822689894745833,0.0070944453439160836,0.17021565991025092
8301,0.6383003678142187,0.04850731854321061,0.3131923136425707
8302,0.23555150258793708,0.04642122274694596,0.7180272746651168
8303,0.9214679693702762,0.000882086388131774,0.07764994424159202
8304,0.0663842685102309,0.02197542396059649,0.9116403075291726
8305,0.9354171090922617,0.013238405868323512,0.05134448503941464
8306,0.9164992573272772,0.002017312597827086,0.08148343007489577
8307,0.014197707660653404,0.0011508475220758521,0.9846514448172707
8308,0.5661082599757895,0.0012930215575059044,0.43259871846670445
8309,0.048843903227577895,0.008924356478146852,0.9422317402942751
8310,0.9150493264996488,0.008130901959558625,0.07681977154079263
8311,0.9035817381082744,0.0027441551949324273,0.0936741066967933
8312,0.9608565493389526,0.005048326190393823,0.03409512447065363
8313,0.9666802758301538,0.008558140885130908,0.024761583284715366
8314,0.9651520839744243,0.004438418337870958,0.030409497687704862
8315,0.8706087933567959,0.05822465846529026,0.07116654817791385
8316,0.9201465311091085,0.008751399844266702,0.0711020690466248
8317,0.7540754870409963,0.053894976384863125,0.1920295365741406
8318,0.5851629640548983,0.07708451263293334,0.3377525233121683
8319,0.006510625573974578,0.002644995684017121,0.9908443787420084
8320,0.9024690305664239,0.003968876049084193,0.09356209338449187
8321,0.79147517393386,0.008749450501728205,0.19977537556441186
8322,0.33954540568322694,0.04717272829806961,0.6132818660187034
8323,0.0037149542791296017,0.001256410374353705,0.9950286353465166
8324,0.03583702996998184,0.004648188760902798,0.9595147812691154
8325,0.9902608997732772,0.0032535800416396946,0.006485520185083145
8326,0.9510861627202705,0.010002686268542494,0.03891115101118691
8327,0.9589939743519141,0.0062071296561258555,0.03479889599195997
8328,0.010392222698499954,0.0003335137244499454,0.9892742635770501
8329,0.970022302371808,0.0056811303884050385,0.024296567239786952
8330,0.29551848747418313,0.03493926850551066,0.6695422440203062
8331,0.9606793198050371,0.002077867743307056,0.03724281245165585
8332,0.5500242688841211,0.164680451670909,0.2852952794449698
8333,0.8566165652798661,0.002488133601133219,0.1408953011190005
8334,0.8708450112313506,0.0024993684095307115,0.12665562035911873
8335,0.9102975192123789,0.003767372971601777,0.08593510781601943
8336,0.20183267170343067,0.014871791621759015,0.7832955366748102
8337,0.47195704035534586,0.009786679089080472,0.5182562805555737
8338,0.9662082187506692,0.004684103296233336,0.029107677953097422
8339,0.5175477251617573,0.054335318278312984,0.42811695655992976
8340,0.9399232051041888,0.006061921782092981,0.054014873113718116
8341,0.9329552265450851,0.010801799490298492,0.056242973964616284
8342,0.9737922873382443,0.006648513179484946,0.019559199482270685
8343,0.7071248868273252,0.016824471383335225,0.2760506417893397
8344,0.039161843045039675,0.018091840112189523,0.9427463168427709
8345,0.9642412150446682,0.002296810379499027,0.03346197457583298
8346,0.5589183633766147,0.0070668732799144375,0.4340147633434709
8347,0.383738285943819,0.07832474659535593,0.5379369674608251
8348,0.35484509670305847,0.03618859886509554,0.608966304431846
8349,0.9583123544228809,0.001428268821558926,0.04025937675556015
8350,0.7646225923982742,0.0066271566479759614,0.2287502509537499
8351,0.6756835713000733,0.0018076516069717192,0.3225087770929549
8352,0.9374482476443153,0.004561804890539028,0.05798994746514556
8353,0.008451007914507822,0.0031694858615811537,0.9883795062239111
8354,0.02567542687473593,0.012002158094882477,0.9623224150303816
8355,0.9683639673735583,0.0022893051903748935,0.029346727436066672
8356,0.5946041021264716,0.009588737309954935,0.39580716056357346
8357,0.03300658611098437,0.0065099215888941376,0.9604834923001214
8358,0.055480920676945635,0.023630877329706066,0.9208882019933482
8359,0.977579903218388,0.002257149533584093,0.02016294724802805
8360,0.9096917835342129,0.003909641331531211,0.08639857513425572
8361,0.5161699025419946,0.0078039345614000655,0.47602616289660543
8362,0.8687277306274357,0.02131555225342966,0.1099567171191346
8363,0.40722986758595675,0.01014800093142941,0.5826221314826139
8364,0.888740073030172,0.03245233829228941,0.07880758867753862
8365,0.8747851566455704,0.004449973597980848,0.12076486975644872
8366,0.6984127143197312,0.014703095278750009,0.28688419040151886
8367,0.7317511561134135,0.013993400732101525,0.2542554431544851
8368,0.9245795445982462,0.010098187017432965,0.0653222683843208
8369,0.38789471355422955,0.0074207359551706365,0.6046845504905999
8370,0.8374899073456501,0.015209922322943843,0.14730017033140602
8371,0.833277688261062,0.011176453379487389,0.1555458583594507
8372,0.0034972167397900656,0.0006172237773055544,0.9958855594829045
8373,0.0280236016038845,0.02158635880851161,0.9503900395876038
8374,0.2746727708334098,0.0028297901729262215,0.722497438993664
8375,0.9804630460077282,0.005512756157083321,0.014024197835188457
8376,0.13170144181484866,0.011647076990221635,0.8566514811949296
8377,0.8688076338226348,0.023719313440375738,0.10747305273698939
8378,0.9060201207737941,0.029674785090256305,0.06430509413594962
8379,0.9417763618060254,0.010954795214042913,0.04726884297993153
8380,0.7423927316724251,0.004956790794099519,0.2526504775334753
8381,0.9622775755040663,0.01462902580035656,0.02309339869557712
8382,0.8565407793228599,0.0062729868763879825,0.1371862338007521
8383,0.9540308376711395,0.008080674238100051,0.03788848809076044
8384,0.9560100500636225,0.00257002606337957,0.041419923872998005
8385,0.11210863152489689,0.06191492717759967,0.8259764412975034
8386,0.23591187818337642,0.01552611514224554,0.7485620066743781
8387,0.9688544606501529,0.0017718596553548036,0.029373679694492352
8388,0.570284208363955,0.014908218337622637,0.41480757329842227
8389,0.695959799953664,0.12657900420577387,0.17746119584056225
8390,0.058321862424360604,0.018489760345213532,0.9231883772304258
8391,0.7247182915615572,0.01961161521212606,0.25567009322631673
8392,0.9226709605103054,0.013092456006003674,0.06423658348369092
8393,0.9765018247167595,0.0011418394620854302,0.02235633582115516
8394,0.6814983628114287,0.02268045822663051,0.2958211789619408
8395,0.21434157867938383,0.03289464013669864,0.7527637811839175
8396,0.9172788465126683,0.008330870777797424,0.07439028270953436
8397,0.9776013645292426,0.003271700577882637,0.019126934892874748
8398,0.9368325859399834,0.0037264332816087336,0.05944098077840775
8399,0.929077586148252,0.022453912003270765,0.048468501848477355
8400,0.0024206811565605163,0.0030503177770424043,0.9945290010663971
8401,0.5931140598992864,0.138013115799853,0.26887282430086057
8402,0.32502484504174584,0.07134403052267037,0.6036311244355838
8403,0.04721790049247885,0.1086400445117248,0.8441420549957963
8404,0.8704527546525515,0.007240233613828569,0.12230701173362
8405,0.055443801905613155,0.005824284028998459,0.9387319140653885
8406,0.8474148175134585,0.0040647072315602665,0.14852047525498124
8407,0.9075452171209067,0.00659169669508287,0.08586308618401034
8408,0.8376026780940626,0.023037917691996666,0.13935940421394066
8409,0.08463803192257581,0.005857719268594335,0.9095042488088299
8410,0.4590715593358216,0.2036835049832911,0.33724493568088715
8411,0.8534745018404033,0.00494334462464383,0.14158215353495274
8412,0.02350761241811177,0.007404700191653764,0.9690876873902345
8413,0.004399762618370341,0.002539299159584013,0.9930609382220458
8414,0.9072082304872449,0.0030744577261015795,0.0897173117866535
8415,0.9236400299370318,0.017936236024365722,0.05842373403860271
8416,0.9108398295998047,0.0072102956595352565,0.0819498747406601
8417,0.5684691118347254,0.00582809511692911,0.4257027930483456
8418,0.8311706420803503,0.03212650529791437,0.13670285262173532
8419,0.03974013357966406,0.016066656266039904,0.944193210154296
8420,0.7975400408325652,0.008764261209221207,0.19369569795821365
8421,0.18510742678226985,0.07036421570443085,0.7445283575132994
8422,0.9530961635240609,0.00323158398110423,0.04367225249483493
8423,0.9196320635968919,0.013407047608234452,0.0669608887948737
8424,0.7208840594533752,0.03786072194757127,0.24125521859905358
8425,0.7853366204170638,0.04851333416876802,0.16615004541416825
8426,0.048349161488576355,0.05496129528725287,0.8966895432241708
8427,0.4401758191609458,0.08861875941218293,0.47120542142687144
8428,0.9812234464343655,0.0007837503750965413,0.017992803190537917
8429,0.9669953004757437,0.0024584249545483525,0.030546274569708053
8430,0.9572608323486486,0.00832708722682481,0.034412080424526696
8431,0.058085676348218075,0.0023571896713616538,0.9395571339804203
8432,0.5989976629958572,0.08587862783521397,0.31512370916892884
8433,0.8373445138613561,0.0807122756773723,0.08194321046127163
8434,0.01831981241129755,0.025503288112229745,0.9561768994764727
8435,0.9269031757214193,0.001300004596887148,0.07179681968169352
8436,0.76867799300547,0.02121014695014586,0.21011186004438417
8437,0.05368142370253403,0.010273746265256357,0.9360448300322096
8438,0.9593213492549693,0.013344633989765476,0.027334016755265183
8439,0.34919664299622066,0.0356168434051334,0.615186513598646
8440,0.8300343520858059,0.09468163467965383,0.07528401323454023
8441,0.4690773221344628,0.003894376854088823,0.5270283010114484
8442,0.950536493639506,0.006117451969143578,0.043346054391350655
8443,0.9623583846309967,0.0013108381318417113,0.0363307772371617
8444,0.879238876036272,0.025520129351271095,0.09524099461245678
8445,0.978382571632658,0.009291520513275343,0.012325907854066892
8446,0.7445104085900155,0.009319107686804419,0.24617048372318012
8447,0.1248094898822316,0.05556807366151017,0.8196224364562583
8448,0.9038410512871138,0.0025884448728563736,0.09357050384002986
8449,0.36740122577795675,0.19620670718922015,0.43639206703282307
8450,0.7560202097273806,0.10538106106431701,0.13859872920830243
8451,0.9414734783489979,0.008781135642517458,0.04974538600848463
8452,0.9705479829092328,0.002750406697753226,0.02670161039301383
8453,0.8259533966417475,0.01982746802820387,0.15421913533004866
8454,0.5715756493991866,0.012801850090170507,0.415622500510643
8455,0.2149320703149611,0.0035811049853756594,0.7814868246996632
8456,0.5337003627268154,0.016903422062866946,0.44939621521031764
8457,0.9332171116132146,0.0024879953496899725,0.06429489303709535
8458,0.6009947045004695,0.06265827680440679,0.33634701869512373
8459,0.9526772035137289,0.011211675037201597,0.036111121449069576
8460,0.960531102178556,0.006482882215125348,0.03298601560631861
8461,0.07776704211464432,0.028073510016226058,0.8941594478691296
8462,0.9280599413592278,0.015644386075545056,0.05629567256522707
8463,0.4724379637573561,0.006193999102807702,0.5213680371398361
8464,0.9389196663363863,0.026526240232194388,0.0345540934314193
8465,0.40247436060725356,0.0055278538011312205,0.5919977855916151
8466,0.8824286260250456,0.017787675003867846,0.09978369897108673
8467,0.951150846582071,0.0015399758053720963,0.047309177612556784
8468,0.35606590437195074,0.03336473708862999,0.6105693585394193
8469,0.1682032188125652,0.05182464969915266,0.779972131488282
8470,0.793865928655468,0.027298404928708865,0.17883566641582313
8471,0.9280903443434677,0.00376519994742436,0.0681444557091078
8472,0.848036699589275,0.02437746788216768,0.12758583252855735
8473,0.9690610168526089,0.013961062746766707,0.01697792040062433
8474,0.8115473676937855,0.022422627001365256,0.16603000530484924
8475,0.14807499549367445,0.02449637013016142,0.8274286343761641
8476,0.9597230273708617,0.005094408878379588,0.035182563750758664
8477,0.626134119381991,0.1509642340158032,0.22290164660220577
8478,0.9285668519315318,0.004095944378963424,0.06733720368950484
8479,0.9383936987388332,0.00919356611443553,0.05241273514673132
8480,0.9374520592608673,0.007832197859021764,0.054715742880111044
8481,0.9776560993912556,0.00867018185969047,0.013673718749054046
8482,0.40961276066303903,0.03616726452631651,0.5542199748106444
8483,0.048471588592409125,0.010695910813413294,0.9408325005941776
8484,0.8832275080610098,0.007832873989859388,0.10893961794913085
8485,0.9705861161183972,0.005720713068618461,0.023693170812984415
8486,0.08304402305733724,0.015555273913877257,0.9014007030287855
8487,0.6957114900762811,0.017485462532430846,0.28680304739128804
8488,0.9611395534790058,0.0022921738629752067,0.03656827265801892
8489,0.6642042918228938,0.028542811332791473,0.3072528968443148
8490,0.13667974831117902,0.011060297158179863,0.8522599545306412
8491,0.09491884975787068,0.015089292738829446,0.8899918575032998
8492,0.8034642310649834,0.039429957441581634,0.15710581149343497
8493,0.9043277285430551,0.0062075319895412515,0.08946473946740355
8494,0.7684950283815536,0.0182082726867156,0.21329669893173084
8495,0.8631668144192641,0.049114957778576385,0.08771822780215947
8496,0.8364211429475524,0.04628429916432597,0.11729455788812157
8497,0.9395431188090421,0.0031876806820545682,0.05726920050890328
8498,0.06293344585512939,0.011360826060144233,0.9257057280847263
8499,0.9249970985656213,0.007811499129720968,0.06719140230465785
8500,0.8799767026134724,0.024401093805926786,0.09562220358060089
8501,0.8874877239691032,0.007406179016146058,0.10510609701475067
8502,0.1530167811744451,0.015283951786893525,0.8316992670386614
8503,0.8178242152733542,0.058238178643021894,0.12393760608362395
8504,0.09116045460592191,0.01469276647639397,0.8941467789176841
8505,0.9697295004224373,0.0007835593038138365,0.02948694027374902
8506,0.9723882276421484,0.0016413740619147029,0.02597039829593705
8507,0.8385694659139935,0.0021796877141690156,0.15925084637183745
8508,0.824336573303624,0.0015448282220962579,0.17411859847427988
8509,0.9530320496318394,0.007204435187792987,0.03976351518036763
8510,0.7730969447857897,0.03083226265324339,0.19607079256096688
8511,0.8756662787451954,0.019358492493867792,0.10497522876093685
8512,0.045320096511845605,0.006237065447286573,0.9484428380408679
8513,0.4356211305145676,0.15337112679926637,0.411007742686166
8514,0.05606694818899925,0.003914680335040165,0.9400183714759605
8515,0.9106877120630553,0.0018742705654408696,0.08743801737150388
8516,0.08295674758665458,0.02500982942728627,0.8920334229860591
8517,0.6575860612567642,0.01981397506700712,0.32259996367622873
8518,0.5059508555945296,0.2082397109652258,0.28580943344024473
8519,0.29814698498288983,0.04673528175437194,0.6551177332627381
8520,0.9710249152939278,0.008948209260972301,0.02002687544510015
8521,0.9559150476424466,0.002187415004223396,0.04189753735333009
8522,0.8354022690646689,0.0518449221710417,0.11275280876428932
